   91  5      137.2
   72.300000  244.900000  139.178600   .1587  136.270000     1.40   0: 0      .00      .68
   71.500000  246.378800  139.135300   .1583  136.044500     1.74   1:44     1.74      .76
   70.500000  248.227300  139.083000   .1607  135.762700     1.67   3:24     3.42      .86
   69.500000  250.075700  139.029300   .1712  135.480900      .79   4:12     4.20      .95
   69.000500  250.999100  139.000000   .1805  135.340100      .00   4:12     4.21     1.00
   69.000000  251.000000  139.000000   .1805  135.340000      .00   4:12     4.21     1.00
   68.999500  251.001100  138.999900   .1805  135.340000      .77   4:58     4.97     1.00
   68.500000  252.136300  138.969100   .1811  135.379000     1.53   6:29     6.50     1.01
   67.500000  254.409000  138.904000   .1831  135.456900     1.50   8: 0     8.00     1.01
   66.500000  256.681800  138.833200   .1862  135.534900     1.47   9:28     9.48     1.02
   65.500000  258.954500  138.754500   .1911  135.612800     1.43  10:54    10.90     1.01
   64.500000  261.227200  138.664000   .1987  135.690700     1.35  12:15    12.25      .99
   63.500000  263.499900  138.554100   .2116  135.768700     1.23  13:29    13.49      .96
   62.500000  265.772700  138.402300   .2386  135.846600      .34  13:49    13.83      .88
   62.200000  266.454500  138.342300   .2529  135.870000      .93  14:45    14.76      .84
   61.500000  268.045400  138.221700   .1639  135.551700     2.06  16:49    16.82      .84
   60.500000  270.318100  138.127000   .1057  135.096900     3.08  19:54    19.90      .91
   59.500000  272.590900  138.080200   .0746  134.642200     4.26  24: 9    24.16     1.02
   58.500000  274.863600  138.056200   .0559  134.187400     2.64  26:48    26.80     1.16
   58.000500  275.998800  138.048900   .0492  133.960200      .00  26:48    26.80     1.24
   58.000000  276.000000  138.048900   .0492  133.960000      .00  26:48    26.81     1.24
   57.999500  276.004900  138.048900   .0494  133.960000     2.81  29:36    29.61     1.24
   57.500000  282.089700  138.042800   .0494  133.961900     5.57  35:11    35.19     1.27
   56.500000  294.271500  138.031300   .0503  133.965800     5.48  40:39    40.67     1.32
   55.500000  306.453300  138.020800   .0511  133.969600     5.35  46: 0    46.01     1.38
   54.500000  318.635100  138.011300   .0528  133.973500     5.16  51:10    51.17     1.44
   53.500000  330.817000  138.002300   .0549  133.977300     4.94  56: 6    56.11     1.49
   52.500000  342.998700  137.993600   .0575  133.981200     4.69  60:48    60.81     1.55
   51.500000  355.180600  137.984900   .0609  133.985000     4.40  65:12    65.21     1.61
   50.500000  367.362400  137.976000   .0653  133.988800     4.08  69:17    69.29     1.67
   49.500000  379.544200  137.966300   .0708  133.992700     3.77  73: 3    73.06     1.73
   48.500000  391.726000  137.955400   .0767  133.996500     3.44  76:29    76.49     1.78
   47.500000  403.907800  137.942400   .0849  134.000400     3.08  79:34    79.58     1.84
   46.500000  416.089700  137.925200   .0954  134.004200     2.71  82:17    82.29     1.88
   45.500000  428.271500  137.899700   .1094  134.008100     1.22  83:30    83.51     1.93
   45.000000  434.362400  137.880800   .1189  134.010000     1.16  84:40    84.67     1.94
   44.500000  440.453300  137.858800   .1200  133.912200     2.29  86:57    86.96     1.93
   43.500000  452.635100  137.813400   .1228  133.716700     2.23  89:11    89.19     1.92
   42.500000  464.817000  137.765300   .1262  133.521100     2.17  91:21    91.35     1.91
   41.500000  476.998800  137.713600   .1304  133.325500     2.09  93:26    93.44     1.89
   40.500000  489.180600  137.656800   .1358  133.130000     2.00  95:26    95.44     1.86
   39.500000  501.362400  137.592900   .1425  132.934400     1.89  97:19    97.33     1.83
   38.500000  513.544300  137.518500   .1513  132.738900     1.77  99: 5    99.09     1.79
   37.500000  525.726100  137.428300   .1631  132.543300      .99 100: 5   100.09     1.73
   36.900500  533.029100  137.363200   .1723  132.426100      .00 100: 5   100.09     1.68
   36.900000  533.035200  137.363100   .1723  132.426000      .00 100: 5   100.09     1.68
   36.899500  533.041300  137.363100   .1723  132.425900      .63 100:43   100.72     1.68
   36.500000  537.907900  137.313100   .1797  132.347800      .75 101:28   101.47     1.65
   36.000500  543.992700  137.240000   .1912  132.250100      .00 101:28   101.47     1.59
   36.000000  544.000000  137.200000   .1912  132.250000      .00 101:28   101.47     1.59
   35.999500  544.004000  137.239800   .1912  132.249900      .72 102:11   102.18     1.59
   35.500000  547.342700  137.163000   .1962  132.134100     1.39 103:34   103.57     1.54
   34.500000  554.026600  137.022800   .2043  131.902200     1.34 104:54   104.91     1.46
   33.500000  560.710500  136.895200   .2106  131.670300     1.30 106:12   106.21     1.39
   32.500000  567.394500  136.774400   .2157  131.438500     1.27 107:29   107.49     1.33
   31.500000  574.078400  136.656600   .2201  131.206600     1.25 108:44   108.74     1.27
   30.500000  580.762300  136.540300   .2240  130.974800     1.23 109:58   109.97     1.21
   29.500000  587.446300  136.423600   .2278  130.742900     1.21 111:10   111.18     1.15
   28.500000  594.130200  136.303000   .2322  130.511100     1.18 112:21   112.36     1.08
   27.500000  600.814100  136.176500   .2375  130.279200     1.15 113:30   113.51     1.02
   26.500000  607.498100  136.039900   .2447  130.047300     1.11 114:37   114.62      .94
   25.500000  614.182000  135.885100   .2555  129.815500      .85 115:28   115.47      .84
   24.700000  619.529200  135.742100   .2692  129.630000      .21 115:40   115.68      .74
   24.500000  620.866000  135.704000   .2701  129.608500     1.02 116:41   116.70      .70
   23.500000  627.549900  135.516700   .2742  129.501000     1.01 117:42   117.70      .52
   22.500000  634.233800  135.334900   .2778  129.393500     1.00 118:41   118.70      .33
   21.500000  640.917800  135.159400   .2801  129.286000      .99 119:41   119.69      .16
   20.500000  647.601700  134.992200   .2803  129.178500     1.00 120:41   120.69     -.00
   19.500000  654.285600  134.835800   .2775  129.071000     1.01 121:41   121.70     -.16
   18.500000  660.969500  134.692700   .2708  128.963500     1.05 122:44   122.75     -.31
   17.500000  667.653500  134.565600   .2600  128.856000      .87 123:37   123.62     -.43
   16.700500  672.997300  134.476300   .2488  128.770100      .00 123:37   123.62     -.52
   16.700000  673.000000  134.476300   .2488  128.770000      .00 123:37   123.62     -.52
   16.699500  673.000900  134.476300   .2493  128.770000      .22 123:50   123.84     -.52
   16.500000  673.040300  134.455800   .2489  128.754300     1.12 124:57   124.96     -.48
   15.500000  673.237600  134.365600   .2468  128.675800     1.14 126: 6   126.10     -.25
   14.500000  673.434900  134.292100   .2411  128.597300     1.17 127:16   127.27     -.01
   13.500000  673.632300  134.231000   .2332  128.518900     1.22 128:29   128.49      .24
   12.500000  673.829500  134.179600   .2240  128.440400     1.27 129:45   129.76      .51
   11.500000  674.026900  134.136000   .2134  128.361900     1.34 131: 5   131.09      .78
   10.500000  674.224200  134.099100   .2027  128.283400     1.41 132:29   132.50     1.06
    9.500000  674.421500  134.067500   .1925  128.204900     1.04 133:32   133.53     1.35
    8.800000  674.559600  134.048000   .1831  128.150000      .46 133:59   133.99     1.55
    8.500000  674.618800  134.040300   .1832  128.100700     1.57 135:33   135.56     1.54
    7.500000  674.816200  134.016100   .1705  127.936300     1.70 137:15   137.26     1.52
    6.500000  675.013400  133.994600   .1555  127.771900     1.88 139: 8   139.14     1.49
    5.500000  675.210800  133.974700   .1402  127.607500     2.09 141:14   141.24     1.47
    4.500000  675.408100  133.956200   .1252  127.443100     2.35 143:35   143.58     1.46
    3.500000  675.605400  133.939400   .1115  127.278800     2.63 146:13   146.22     1.44
    2.500000  675.802700  133.924100   .0994  127.114400     2.95 149:10   149.17     1.42
    1.500000  676.000000  133.910000   .0889  126.950000     2.95 152: 7   152.12     1.41
   91  4      137.0                   
   72.300000  200.000000  139.057500   .1541  136.270000     1.44   0: 0      .00      .56
   71.500000  201.454500  139.014000   .1537  136.044500     1.79   1:47     1.79      .64
   70.500000  203.272700  138.960100   .1572  135.762700     1.73   3:30     3.52      .73
   69.500000  205.090900  138.905100   .1640  135.480900      .83   4:20     4.34      .83
   69.000500  205.999100  138.876400   .1713  135.340100      .00   4:20     4.34      .88
   69.000000  206.000000  138.876400   .1713  135.340000      .00   4:20     4.35      .88
   68.999500  206.000900  138.876400   .1713  135.340000      .81   5: 9     5.16      .88
   68.500000  206.909100  138.846500   .1716  135.379000     1.61   6:46     6.77      .88
   67.500000  208.727300  138.783700   .1729  135.456900     1.60   8:21     8.36      .89
   66.500000  210.545500  138.715800   .1753  135.534900     1.57   9:55     9.93      .90
   65.500000  212.363600  138.640500   .1794  135.612800     1.52  11:26    11.45      .90
   64.500000  214.181800  138.554100   .1862  135.690700     1.44  12:53    12.89      .88
   63.500000  216.000000  138.448000   .1987  135.768700     1.30  14:11    14.19      .85
   62.500000  217.818200  138.292100   .2291  135.846600      .35  14:32    14.54      .77
   62.200000  218.363600  138.225300   .2481  135.870000      .95  15:29    15.49      .73
   61.500000  219.636400  138.084900   .1633  135.551700     2.06  17:32    17.55      .70
   60.500000  221.454600  137.971800   .1062  135.096900     3.07  20:37    20.62      .75
   59.500000  223.272700  137.914300   .0745  134.642200     4.29  24:54    24.91      .86
   58.500000  225.090900  137.883900   .0551  134.187400     2.69  27:35    27.59      .99
   58.000500  225.999100  137.874500   .0482  133.960200      .00  27:35    27.60     1.06
   58.000000  226.000000  137.874500   .0482  133.960000      .00  27:36    27.60     1.06
   57.999500  226.004000  137.874500   .0484  133.960000     2.88  30:28    30.48     1.06
   57.500000  230.999000  137.866800   .0480  133.961900     5.79  36:15    36.27     1.09
   56.500000  240.999000  137.853500   .0480  133.965800     5.76  42: 1    42.02     1.14
   55.500000  250.999000  137.841900   .0485  133.969600     5.65  47:40    47.67     1.20
   54.500000  260.999000  137.831300   .0498  133.973500     5.50  53:10    53.17     1.26
   53.500000  270.999000  137.821300   .0513  133.977300     5.31  58:28    58.48     1.31
   52.500000  280.999000  137.812100   .0534  133.981200     5.06  63:32    63.54     1.37
   51.500000  290.999000  137.803100   .0563  133.985000     4.77  68:18    68.31     1.43
   50.500000  300.999000  137.793900   .0601  133.988800     4.44  72:45    72.75     1.49
   49.500000  310.999000  137.784200   .0650  133.992700     4.07  76:49    76.83     1.54
   48.500000  320.999000  137.773400   .0714  133.996500     3.69  80:30    80.52     1.60
   47.500000  330.999000  137.760600   .0792  134.000400     3.29  83:48    83.80     1.65
   46.500000  340.999000  137.743800   .0898  134.004200     2.84  86:38    86.65     1.70
   45.500000  350.999000  137.717500   .1055  134.008100     1.26  87:54    87.90     1.74
   45.000000  355.999000  137.697400   .1155  134.010000     1.20  89: 6    89.10     1.76
   44.500000  360.999000  137.674000   .1164  133.912200     2.37  91:28    91.47     1.75
   43.500000  370.999000  137.626200   .1185  133.716700     2.32  93:47    93.78     1.73
   42.500000  380.999000  137.576500   .1213  133.521100     2.26  96: 2    96.04     1.72
   41.500000  390.999000  137.523900   .1248  133.325500     2.19  98:13    98.23     1.70
   40.500000  400.999000  137.467000   .1293  133.130000     2.10 100:19   100.33     1.67
   39.500000  410.999000  137.403700   .1352  132.934400     2.00 102:19   102.33     1.64
   38.500000  420.999000  137.330900   .1430  132.738900     1.87 104:11   104.20     1.60
   37.500000  430.999000  137.243200   .1537  132.543300     1.05 105:15   105.25     1.54
   36.900500  436.994000  137.180100   .1622  132.426100      .00 105:15   105.25     1.50
   36.900000  436.999000  137.180100   .1622  132.426000      .00 105:15   105.25     1.50
   36.899500  437.004000  137.180000   .1622  132.425900      .67 105:55   105.92     1.50
   36.500000  440.999000  137.131500   .1692  132.347800      .79 106:43   106.72     1.47
   36.000500  445.994000  137.060400   .1802  132.250100      .00 106:43   106.72     1.41
   36.000000  446.000000  137.000000   .1802  132.250000      .00 106:43   106.72     1.41
   35.999500  446.003300  136.990000   .1802  132.249900      .76 107:28   107.48     1.41
   35.500000  448.746700  136.985000   .1850  132.134100     1.47 108:56   108.95     1.36
   34.500000  454.238900  136.846300   .1931  131.902200     1.41 110:21   110.36     1.28
   33.500000  459.731100  136.717200   .1997  131.670300     1.37 111:44   111.74     1.21
   32.500000  465.223400  136.594500   .2048  131.438500     1.34 113: 4   113.08     1.15
   31.500000  470.715600  136.476900   .2089  131.206600     1.32 114:23   114.40     1.09
   30.500000  476.207800  136.360000   .2127  130.974800     1.30 115:41   115.69     1.03
   29.500000  481.700000  136.242700   .2163  130.742900     1.27 116:57   116.97      .97
   28.500000  487.192300  136.123800   .2201  130.511100     1.25 118:12   118.21      .91
   27.500000  492.684500  135.998000   .2254  130.279200     1.22 119:25   119.43      .84
   26.500000  498.176700  135.862100   .2315  130.047300     1.17 120:36   120.60      .76
   25.500000  503.668900  135.712100   .2420  129.815500      .89 121:29   121.49      .67
   24.700000  508.062700  135.572000   .2571  129.630000      .22 121:42   121.71      .57
   24.500000  509.161200  135.534000   .2586  129.608500     1.06 122:46   122.77      .53
   23.500000  514.653400  135.346100   .2656  129.501000     1.03 123:48   123.80      .35
   22.500000  520.145600  135.162800   .2716  129.393500     1.01 124:48   124.82      .16
   21.500000  525.637800  134.985400   .2761  129.286000     1.00 125:49   125.82     -.01
   20.500000  531.130100  134.815500   .2785  129.178500     1.00 126:48   126.82     -.18
   19.500000  536.622300  134.654800   .2783  129.071000     1.00 127:49   127.82     -.35
   18.500000  542.114600  134.504900   .2753  128.963500     1.02 128:50   128.84     -.50
   17.500000  547.606800  134.368800   .2670  128.856000      .85 129:41   129.69     -.63
   16.700500  551.997800  134.272900   .2555  128.770100      .00 129:41   129.69     -.73
   16.700000  552.000000  134.272800   .2555  128.770000      .00 129:41   129.69     -.73
   16.699500  552.000700  134.272700   .2565  128.770000      .22 129:54   129.91     -.73
   16.500000  552.027000  134.250800   .2562  128.754300     1.09 131: 0   131.00     -.69
   15.500000  552.158500  134.154700   .2520  128.675800     1.12 132: 7   132.13     -.47
   14.500000  552.290000  134.079000   .2420  128.597300     1.18 133:18   133.30     -.22
   13.500000  552.421600  134.018400   .2303  128.518900     1.24 134:32   134.54      .03
   12.500000  552.553100  133.968700   .2183  128.440400     1.31 135:51   135.85      .30
   11.500000  552.684600  133.927200   .2065  128.361900     1.38 137:14   137.23      .57
   10.500000  552.816200  133.892000   .1952  128.283400     1.46 138:41   138.70      .85
    9.500000  552.947700  133.861700   .1845  128.204900     1.07 139:46   139.77     1.14
    8.800000  553.039800  133.842900   .1775  128.150000      .47 140:14   140.24     1.34
    8.500000  553.079300  133.835400   .1745  128.100700     1.63 141:52   141.88     1.34
    7.500000  553.210800  133.812200   .1655  127.936300     1.75 143:37   143.63     1.31
    6.500000  553.342300  133.791300   .1526  127.771900     1.92 145:32   145.55     1.29
    5.500000  553.473900  133.772500   .1365  127.607500     2.16 147:42   147.70     1.27
    4.500000  553.605400  133.755100   .1210  127.443100     2.44 150: 8   150.14     1.26
    3.500000  553.736900  133.738600   .1067  127.278800     2.77 152:54   152.91     1.24
    2.500000  553.868500  133.723600   .0940  127.114400     3.14 156: 2   156.05     1.22
    1.500000  554.000000  133.710000   .0831  126.950000     3.14 159:11   159.19     1.21
   91  4      136.8
   72.300000  140.000000  138.872500   .1518  136.270000     1.49   0: 0      .00      .37
   71.500000  140.969700  138.825600   .1462  136.044500     1.91   1:54     1.91      .45
   70.500000  142.181800  138.773100   .1441  135.762700     1.90   3:48     3.81      .55
   69.500000  143.393900  138.721500   .1490  135.480900      .91   4:43     4.72      .65
   69.000500  143.999400  138.694100   .1547  135.340100      .00   4:43     4.72      .69
   69.000000  144.000000  138.694100   .1548  135.340000      .00   4:43     4.72      .69
   68.999500  144.000600  138.694000   .1548  135.340000      .90   5:37     5.62      .69
   68.500000  144.590900  138.665400   .1549  135.379000     1.79   7:24     7.41      .70
   67.500000  145.772700  138.604700   .1557  135.456900     1.78   9:11     9.18      .71
   66.500000  146.954600  138.539000   .1572  135.534900     1.75  10:55    10.93      .72
   65.500000  148.136400  138.466100   .1607  135.612800     1.69  12:37    12.63      .72
   64.500000  149.318200  138.380700   .1675  135.690700     1.60  14:13    14.22      .71
   63.500000  150.500000  138.273700   .1804  135.768700     1.41  15:37    15.63      .68
   62.500000  151.681800  138.113200   .2144  135.846600      .37  15:59    16.00      .59
   62.200000  152.036400  138.043400   .2374  135.870000      .98  16:58    16.97      .54
   61.500000  152.863600  137.888800   .1614  135.551700     2.06  19: 1    19.03      .50
   60.500000  154.045500  137.747700   .1088  135.096900     3.01  22: 2    22.04      .53
   59.500000  155.227300  137.670600   .0755  134.642200     4.30  26:20    26.34      .61
   58.500000  156.409100  137.632400   .0537  134.187400     2.78  29: 7    29.13      .74
   58.000500  156.999400  137.621600   .0460  133.960200      .00  29: 7    29.13      .81
   58.000000  157.000000  137.621600   .0460  133.960000      .00  29: 7    29.13      .81
   57.999500  157.002900  137.621600   .0460  133.960000     3.04  32:10    32.18      .81
   57.500000  160.703800  137.612900   .0452  133.961900     6.21  38:22    38.38      .84
   56.500000  168.112900  137.597300   .0443  133.965800     6.29  44:40    44.67      .89
   55.500000  175.522000  137.583400   .0440  133.969600     6.31  50:58    50.98      .94
   54.500000  182.931000  137.571500   .0441  133.973500     6.23  57:12    57.21     1.00
   53.500000  190.340100  137.561200   .0451  133.977300     6.07  63:16    63.28     1.05
   52.500000  197.749200  137.551500   .0464  133.981200     5.86  69: 8    69.14     1.11
   51.500000  205.158300  137.542200   .0484  133.985000     5.58  74:43    74.72     1.17
   50.500000  212.567400  137.533400   .0512  133.988800     5.22  79:56    79.94     1.23
   49.500000  219.976500  137.524100   .0552  133.992700     4.81  84:45    84.75     1.28
   48.500000  227.385600  137.514100   .0603  133.996500     4.33  89: 5    89.08     1.34
   47.500000  234.794700  137.502400   .0679  134.000400     3.77  92:51    92.86     1.40
   46.500000  242.203800  137.486800   .0793  134.004200     3.20  96: 3    96.06     1.45
   45.500000  249.612900  137.462300   .0944  134.008100     1.39  97:26    97.45     1.49
   45.000000  253.317400  137.443200   .1054  134.010000     1.31  98:45    98.76     1.50
   44.500000  257.021900  137.420100   .1064  133.912200     2.58 101:20   101.34     1.50
   43.500000  264.431000  137.372400   .1087  133.716700     2.52 103:51   103.86     1.48
   42.500000  271.840100  137.322000   .1114  133.521100     2.46 106:19   106.32     1.46
   41.500000  279.249200  137.267600   .1148  133.325500     2.38 108:42   108.70     1.44
   40.500000  286.658300  137.208700   .1186  133.130000     2.30 110:59   111.00     1.41
   39.500000  294.067400  137.144100   .1234  132.934400     2.19 113:11   113.19     1.38
   38.500000  301.476500  137.071000   .1300  132.738900     2.06 115:15   115.25     1.34
   37.500000  308.885600  136.983600   .1395  132.543300     1.16 116:24   116.41     1.29
   36.900500  313.327300  136.920400   .1474  132.426100      .00 116:24   116.41     1.24
   36.900000  313.331000  136.920400   .1474  132.426000      .00 116:24   116.41     1.24
   36.899500  313.334700  136.920300   .1474  132.425900      .74 117: 8   117.15     1.24
   36.500000  316.294600  136.871300   .1542  132.347800      .87 118: 1   118.02     1.21
   36.000500  319.995500  136.797600   .1654  132.250100      .00 118: 1   118.02     1.15
   36.000000  320.000000  136.797500   .1654  132.250000      .00 118: 1   118.02     1.15
   35.999500  320.002200  136.797400   .1655  132.249900      .82 118:50   118.84     1.15
   35.500000  321.710300  136.716800   .1716  132.134100     1.57 120:24   120.41     1.10
   34.500000  325.130000  136.566700   .1818  131.902200     1.49 121:54   121.91     1.00
   33.500000  328.549700  136.428900   .1900  131.670300     1.44 123:20   123.35      .92
   32.500000  331.969400  136.298800   .1964  131.438500     1.40 124:44   124.74      .85
   31.500000  335.389100  136.175200   .2014  131.206600     1.36 126: 6   126.11      .78
   30.500000  338.808800  136.052800   .2060  130.974800     1.34 127:27   127.45      .72
   29.500000  342.228500  135.930500   .2073  130.742900     1.33 128:47   128.78      .65
   28.500000  345.648200  135.808000   .2096  130.511100     1.31 130: 5   130.09      .59
   27.500000  349.067800  135.680200   .2146  130.279200     1.27 131:21   131.36      .52
   26.500000  352.487500  135.542400   .2229  130.047300     1.20 132:33   132.57      .44
   25.500000  355.907200  135.389700   .2388  129.815500      .88 133:27   133.45      .34
   24.700000  358.643000  135.246800   .2642  129.630000      .21 133:39   133.66      .25
   24.500000  359.326900  135.208100   .2664  129.608500     1.02 134:40   134.68      .21
   23.500000  362.746600  135.015800   .2773  129.501000      .98 135:39   135.67      .02
   22.500000  366.166300  134.827500   .2872  129.393500      .95 136:37   136.62     -.17
   21.500000  369.586000  134.645400   .2948  129.286000      .94 137:33   137.56     -.35
   20.500000  373.005700  134.472800   .2982  129.178500      .94 138:29   138.49     -.53
   19.500000  376.425400  134.313200   .2957  129.071000      .95 139:26   139.45     -.69
   18.500000  379.845100  134.170200   .2862  128.963500     1.00 140:26   140.45     -.83
   17.500000  383.264700  134.046000   .2703  128.856000      .85 141:17   141.29     -.95
   16.700500  385.998800  133.960800   .2545  128.770100      .00 141:17   141.29    -1.04
   16.700000  386.000000  133.960700   .2545  128.770000      .00 141:17   141.29    -1.04
   16.699500  386.000500  133.960700   .2550  128.770000      .22 141:30   141.51    -1.04
   16.500000  386.026700  133.941500   .2529  128.754300     1.12 142:38   142.63    -1.00
   15.500000  386.158300  133.859800   .2419  128.675800     1.18 143:48   143.82     -.76
   14.500000  386.289800  133.796800   .2280  128.597300     1.26 145: 4   145.07     -.51
   13.500000  386.421400  133.746400   .2133  128.518900     1.35 146:25   146.42     -.24
   12.500000  386.552900  133.705100   .1989  128.440400     1.45 147:52   147.87      .03
   11.500000  386.684500  133.670500   .1855  128.361900     1.55 149:25   149.42      .32
   10.500000  386.816000  133.641100   .1731  128.283400     1.66 151: 4   151.08      .60
    9.500000  386.947600  133.615800   .1618  128.204900     1.23 152:18   152.31      .89
    8.800000  387.039700  133.600100   .1545  128.150000      .55 152:51   152.85     1.10
    8.500000  387.079100  133.593900   .1509  128.100700     1.91 154:45   154.76     1.09
    7.500000  387.210700  133.575900   .1402  127.936300     2.05 156:48   156.81     1.08
    6.500000  387.342300  133.560400   .1313  127.771900     2.20 159: 0   159.01     1.06
    5.500000  387.473800  133.546400   .1209  127.607500     2.46 161:28   161.47     1.05
    4.500000  387.605300  133.533600   .1051  127.443100     2.83 164:18   164.30     1.03
    3.500000  387.736900  133.521800   .0910  127.278800     3.27 167:34   167.57     1.02
    2.500000  387.868400  133.510500   .0788  127.114400     3.77 171:20   171.35     1.01
    1.500000  388.000000  133.500000   .0684  126.950000     3.77 175: 7   175.12     1.00
   91  3      136.60                
   72.300000  112.000000  138.762500   .1481  136.270000     1.51   0: 0      .00      .26
   71.500000  112.727300  138.712700   .1465  136.044500     1.92   1:55     1.92      .33
   70.500000  113.636400  138.655000   .1423  135.762700     1.95   3:52     3.87      .43
   69.500000  114.545400  138.601900   .1430  135.480900      .96   4:49     4.83      .53
   69.000500  114.999500  138.575300   .1466  135.340100      .00   4:49     4.83      .58
   69.000000  115.000000  138.575200   .1467  135.340000      .00   4:49     4.83      .58
   68.999500  115.000500  138.575200   .1467  135.340000      .95   5:46     5.78      .58
   68.500000  115.500000  138.547800   .1465  135.379000     1.89   7:40     7.67      .58
   67.500000  116.500000  138.490400   .1468  135.456900     1.88   9:33     9.56      .60
   66.500000  117.500000  138.428500   .1481  135.534900     1.86  11:24    11.41      .61
   65.500000  118.500000  138.359900   .1510  135.612800     1.81  13:13    13.22      .62
   64.500000  119.500000  138.280700   .1566  135.690700     1.71  14:55    14.93      .61
   63.500000  120.500000  138.182600   .1681  135.768700     1.50  16:25    16.43      .59
   62.500000  121.500000  138.032100   .2020  135.846600      .39  16:49    16.82      .51
   62.200000  121.800000  137.963700   .2271  135.870000     1.00  17:49    17.82      .46
   61.500000  122.500000  137.796800   .1611  135.551700     2.04  19:51    19.86      .41
   60.500000  123.500000  137.627400   .1117  135.096900     2.91  22:46    22.77      .41
   59.500000  124.500000  137.531600   .0790  134.642200     4.08  26:51    26.86      .48
   58.500000  125.500000  137.479800   .0570  134.187400     2.64  29:29    29.50      .59
   58.000500  125.999500  137.464600   .0480  133.960200      .00  29:30    29.50      .65
   58.000000  126.000000  137.464600   .0480  133.960000      .00  29:30    29.50      .65
   57.999500  126.002200  137.464600   .0480  133.960000     2.94  32:26    32.44      .65
   57.500000  128.794900  137.453300   .0465  133.961900     6.13  38:33    38.57      .68
   56.500000  134.385800  137.434400   .0442  133.965800     6.38  44:56    44.94      .72
   55.500000  139.976700  137.418900   .0429  133.969600     6.51  51:27    51.46      .78
   54.500000  145.567600  137.405000   .0424  133.973500     6.56  58: 1    58.02      .83
   53.500000  151.158500  137.392900   .0423  133.977300     6.52  64:32    64.54      .88
   52.500000  156.749400  137.382600   .0429  133.981200     6.36  70:53    70.89      .94
   51.500000  162.340300  137.373200   .0445  133.985000     6.11  77: 0    77.01     1.00
   50.500000  167.931200  137.363900   .0464  133.988800     5.78  82:46    82.78     1.06
   49.500000  173.522200  137.354800   .0498  133.992700     5.34  88: 7    88.12     1.11
   48.500000  179.113100  137.345100   .0542  133.996500     4.83  92:57    92.95     1.17
   47.500000  184.704000  137.333800   .0608  134.000400     4.22  97:10    97.18     1.23
   46.500000  190.294900  137.319200   .0707  134.004200     3.52 100:41   100.70     1.28
   45.500000  195.885800  137.295700   .0871  134.008100     1.48 102:10   102.18     1.32
   45.000000  198.681200  137.276200   .1001  134.010000     1.38 103:33   103.56     1.34
   44.500000  201.476700  137.252200   .1012  133.912200     2.72 106:17   106.29     1.33
   43.500000  207.067600  137.203200   .1028  133.716700     2.68 108:57   108.96     1.31
   42.500000  212.658500  137.152700   .1048  133.521100     2.62 111:34   111.58     1.29
   41.500000  218.249400  137.099500   .1073  133.325500     2.55 114: 7   114.13     1.27
   40.500000  223.840300  137.042300   .1107  133.130000     2.46 116:35   116.59     1.25
   39.500000  229.431200  136.978800   .1151  132.934400     2.35 118:56   118.94     1.22
   38.500000  235.022200  136.905700   .1214  132.738900     2.21 121: 8   121.14     1.18
   37.500000  240.613100  136.816700   .1305  132.543300     1.24 122:22   122.38     1.12
   36.900500  243.964800  136.751400   .1384  132.426100      .00 122:23   122.38     1.07
   36.900000  243.967600  136.751400   .1384  132.426000      .00 122:23   122.39     1.07
   36.899500  243.970400  136.751300   .1384  132.425900      .78 123:10   123.17     1.07
   36.500000  246.204000  136.700100   .1455  132.347800      .91 124: 4   124.08     1.03
   36.000500  248.996600  136.621800   .1579  132.250100      .00 124: 4   124.08      .97
   36.000000  249.000000  136.600000   .1579  132.250000      .00 124: 5   124.08      .97
   35.999500  249.001900  136.580000   .1579  132.249900      .86 124:56   124.94      .97
   35.500000  250.554700  136.536800   .1655  132.134100     1.61 126:33   126.55      .92
   34.500000  253.663500  136.378200   .1794  131.902200     1.50 128: 3   128.05      .81
   33.500000  256.772300  136.233100   .1907  131.670300     1.42 129:28   129.47      .73
   32.500000  259.881100  136.097100   .2002  131.438500     1.38 130:51   130.86      .65
   31.500000  262.990000  135.967100   .2020  131.206600     1.37 132:13   132.23      .58
   30.500000  266.098800  135.843200   .2030  130.974800     1.36 133:35   133.59      .51
   29.500000  269.207600  135.719900   .2059  130.742900     1.34 134:55   134.93      .44
   28.500000  272.316400  135.594100   .2086  130.511100     1.31 136:14   136.24      .38
   27.500000  275.425200  135.464100   .2153  130.279200     1.25 137:29   137.48      .30
   26.500000  278.534000  135.322900   .2303  130.047300     1.15 138:37   138.63      .22
   25.500000  281.642800  135.162800   .2532  129.815500      .83 139:27   139.46      .12
   24.700000  284.129900  135.016800   .2816  129.630000      .20 139:39   139.66      .02
   24.500000  284.751600  134.978200   .2834  129.608500      .96 140:37   140.62     -.02
   23.500000  287.860400  134.787800   .2928  129.501000      .93 141:33   141.56     -.21
   22.500000  290.969200  134.602300   .3019  129.393500      .91 142:28   142.47     -.40
   21.500000  294.078000  134.423200   .3100  129.286000      .89 143:21   143.35     -.58
   20.500000  297.186800  134.252200   .3165  129.178500      .87 144:13   144.22     -.75
   19.500000  300.295700  134.090900   .3211  129.071000      .86 145: 5   145.09     -.91
   18.500000  303.404400  133.941000   .3234  128.963500      .86 145:56   145.95    -1.06
   17.500000  306.513200  133.803800   .3220  128.856000      .71 146:39   146.66    -1.20
   16.700500  308.998700  133.707200   .3002  128.770100      .00 146:39   146.66    -1.29
   16.700000  309.000000  133.707200   .3002  128.770000      .00 146:39   146.66    -1.29
   16.699500  309.000400  133.707100   .3019  128.770000      .18 146:50   146.85    -1.29
   16.500000  309.026700  133.685400   .2999  128.754300      .96 147:48   147.80    -1.25
   15.500000  309.158200  133.591500   .2818  128.675800     1.03 148:50   148.84    -1.03
   14.500000  309.289800  133.518600   .2558  128.597300     1.13 149:58   149.97     -.79
   13.500000  309.421300  133.460700   .2338  128.518900     1.24 151:12   151.21     -.53
   12.500000  309.552900  133.413100   .2152  128.440400     1.34 152:32   152.55     -.26
   11.500000  309.684400  133.373100   .1993  128.361900     1.44 153:59   153.99      .02
   10.500000  309.816000  133.338700   .1855  128.283400     1.55 155:32   155.54      .30
    9.500000  309.947500  133.308700   .1736  128.204900     1.15 156:41   156.68      .59
    8.800000  310.039600  133.289900   .1660  128.150000      .51 157:11   157.19      .79
    8.500000  310.079100  133.282500   .1617  128.100700     1.77 158:57   158.96      .78
    7.500000  310.210700  133.260400   .1523  127.936300     1.89 160:50   160.85      .76
    6.500000  310.342200  133.241700   .1423  127.771900     2.03 162:52   162.88      .74
    5.500000  310.473800  133.225700   .1312  127.607500     2.19 165: 4   165.07      .73
    4.500000  310.605300  133.210900   .1224  127.443100     2.41 167:28   167.48      .71
    3.500000  310.736900  133.196700   .1078  127.278800     2.81 170:17   170.29      .70
    2.500000  310.868400  133.183200   .0900  127.114400     3.35 173:38   173.65      .68
    1.500000  311.000000  133.170000   .0756  126.950000     3.35 177: 0   177.00      .67
   91  2      136.4                   
   72.300000   85.000000  138.643400   .1448  136.270000     1.56   0: 0      .00      .14
   71.500000   85.727270  138.593700   .1395  136.044500     2.01   2: 0     2.01      .21
   70.500000   86.636360  138.536500   .1374  135.762700     2.02   4: 1     4.03      .31
   69.500000   87.545450  138.481600   .1371  135.480900     1.01   5: 2     5.04      .41
   69.000500   87.999540  138.454900   .1384  135.340100      .00   5: 2     5.04      .45
   69.000000   88.000000  138.454900   .1384  135.340000      .00   5: 2     5.04      .45
   68.999500   88.000350  138.454800   .1384  135.340000     1.00   6: 2     6.04      .45
   68.500000   88.318210  138.428000   .1380  135.379000     2.02   8: 3     8.06      .46
   67.500000   88.954580  138.372500   .1376  135.456900     2.02  10: 4    10.07      .48
   66.500000   89.590940  138.313700   .1381  135.534900     2.00  12: 4    12.07      .50
   65.500000   90.227310  138.249600   .1399  135.612800     1.95  14: 1    14.03      .51
   64.500000   90.863670  138.176600   .1443  135.690700     1.86  15:53    15.89      .51
   63.500000   91.500040  138.086900   .1543  135.768700     1.60  17:29    17.49      .49
   62.500000   92.136400  137.938800   .1919  135.846600      .39  17:53    17.89      .42
   62.200000   92.327310  137.858900   .2313  135.870000      .98  18:51    18.86      .36
   61.500000   92.772770  137.662600   .1662  135.551700     1.96  20:49    20.82      .28
   60.500000   93.409130  137.479200   .1179  135.096900     2.78  23:35    23.60      .26
   59.500000   94.045490  137.372600   .0822  134.642200     4.00  27:35    27.59      .32
   58.500000   94.681850  137.317000   .0568  134.187400     2.66  30:14    30.25      .42
   58.000500   94.999720  137.301200   .0477  133.960200      .00  30:15    30.25      .49
   58.000000   95.000000  137.301200   .0477  133.960000      .00  30:15    30.25      .49
   57.999500   95.001680  137.301200   .0477  133.960000     2.94  33:11    33.19      .49
   57.500000   97.135900  137.288400   .0467  133.961900     6.07  39:15    39.26      .51
   56.500000  101.408600  137.264800   .0449  133.965800     6.39  45:39    45.65      .56
   55.500000  105.681400  137.245600   .0420  133.969600     6.75  52:24    52.40      .60
   54.500000  109.954100  137.230700   .0403  133.973500     6.96  59:21    59.36      .65
   53.500000  114.226800  137.217900   .0395  133.977300     7.02  66:23    66.39      .71
   52.500000  118.499500  137.206500   .0396  133.981200     6.97  73:21    73.36      .76
   51.500000  122.772300  137.196500   .0401  133.985000     6.78  80: 8    80.14      .82
   50.500000  127.045000  137.187400   .0418  133.988800     6.47  86:36    86.61      .88
   49.500000  131.317700  137.178300   .0441  133.992700     6.05  92:39    92.65      .94
   48.500000  135.590500  137.168800   .0478  133.996500     5.49  98: 8    98.14      .99
   47.500000  139.863200  137.158300   .0534  134.000400     4.80 102:56   102.94     1.05
   46.500000  144.135900  137.144400   .0624  134.004200     3.99 106:55   106.93     1.10
   45.500000  148.408600  137.122200   .0770  134.008100     1.67 108:36   108.60     1.15
   45.000000  150.545000  137.103900   .0889  134.010000     1.55 110: 9   110.15     1.16
   44.500000  152.681400  137.081300   .0904  133.912200     3.02 113:10   113.17     1.16
   43.500000  156.954100  137.034600   .0935  133.716700     2.92 116: 5   116.09     1.14
   42.500000  161.226800  136.985300   .0968  133.521100     2.82 118:54   118.91     1.13
   41.500000  165.499500  136.932000   .1004  133.325500     2.72 121:37   121.63     1.10
   40.500000  169.772300  136.873700   .1039  133.130000     2.62 124:14   124.25     1.08
   39.500000  174.045000  136.809400   .1080  132.934400     2.50 126:45   126.75     1.05
   38.500000  178.317700  136.736100   .1138  132.738900     2.35 129: 5   129.10     1.01
   37.500000  182.590500  136.646600   .1231  132.543300     1.31 130:24   130.41      .95
   36.900500  185.151900  136.579900   .1316  132.426100      .00 130:24   130.41      .90
   36.900000  185.154100  136.579900   .1316  132.426000      .00 130:24   130.41      .90
   36.899500  185.156200  136.579800   .1317  132.425900      .82 131:13   131.23      .90
   36.500000  186.863200  136.526100   .1398  132.347800      .94 132: 9   132.16      .86
   36.000500  188.997400  136.438600   .1563  132.250100      .00 132: 9   132.16      .79
   36.000000  189.000000  136.400000   .1563  132.250000      .00 132: 9   132.17      .79
   35.999500  189.001400  136.380000   .1563  132.249900      .85 133: 1   133.02      .79
   35.500000  190.166000  136.341500   .1688  132.134100     1.54 134:33   134.56      .72
   34.500000  192.497700  136.165200   .1928  131.902200     1.40 135:57   135.96      .60
   33.500000  194.829300  136.006700   .2033  131.670300     1.36 137:18   137.31      .50
   32.500000  197.160900  135.863900   .2066  131.438500     1.34 138:38   138.65      .42
   31.500000  199.492500  135.729500   .2095  131.206600     1.33 139:58   139.98      .34
   30.500000  201.824100  135.599900   .2070  130.974800     1.33 141:18   141.32      .27
   29.500000  204.155700  135.473100   .2098  130.742900     1.29 142:36   142.61      .20
   28.500000  206.487300  135.341000   .2200  130.511100     1.23 143:50   143.84      .12
   27.500000  208.818900  135.202200   .2308  130.279200     1.16 144:59   145.00      .04
   26.500000  211.150500  135.056100   .2501  130.047300     1.03 146: 1   146.03     -.05
   25.500000  213.482100  134.891900   .2891  129.815500      .75 146:46   146.77     -.15
   24.700000  215.347400  134.744400   .3056  129.630000      .18 146:57   146.95     -.26
   24.500000  215.813700  134.706100   .3081  129.608500      .88 147:50   147.84     -.29
   23.500000  218.145300  134.515500   .3224  129.501000      .84 148:40   148.67     -.48
   22.500000  220.476900  134.327100   .3396  129.393500      .79 149:28   149.47     -.67
   21.500000  222.808500  134.140900   .3601  129.286000      .77 150:14   150.24     -.86
   20.500000  225.140100  133.962200   .3647  129.178500      .76 150:59   151.00    -1.04
   19.500000  227.471700  133.796600   .3635  129.071000      .77 151:46   151.77    -1.20
   18.500000  229.803300  133.647100   .3565  128.963500      .79 152:33   152.56    -1.35
   17.500000  232.134900  133.515500   .3444  128.856000      .66 153:13   153.22    -1.48
   16.700500  233.999100  133.423400   .3321  128.770100      .00 153:13   153.22    -1.58
   16.700000  234.000000  133.423400   .3321  128.770000      .00 153:13   153.22    -1.58
   16.699500  234.000300  133.423300   .3332  128.770000      .17 153:23   153.39    -1.58
   16.500000  234.026600  133.402400   .3251  128.754300      .90 154:17   154.29    -1.53
   15.500000  234.158100  133.312800   .2940  128.675800      .99 155:16   155.27    -1.31
   14.500000  234.289700  133.241900   .2685  128.597300     1.08 156:20   156.35    -1.06
   13.500000  234.421300  133.182800   .2476  128.518900     1.16 157:30   157.51     -.80
   12.500000  234.552800  133.131700   .2305  128.440400     1.24 158:45   158.75     -.54
   11.500000  234.684400  133.086300   .2164  128.361900     1.32 160: 4   160.08     -.27
   10.500000  234.815900  133.045000   .2044  128.283400     1.40 161:28   161.48      .00
    9.500000  234.947500  133.007700   .1918  128.204900     1.03 162:30   162.51      .29
    8.800000  235.039600  132.983900   .1844  128.150000      .46 162:58   162.97      .48
    8.500000  235.079100  132.974400   .1786  128.100700     1.65 164:37   164.62      .47
    7.500000  235.210600  132.947700   .1574  127.936300     1.83 166:27   166.45      .45
    6.500000  235.342200  132.927200   .1465  127.771900     1.92 168:22   168.37      .43
    5.500000  235.473800  132.909800   .1433  127.607500     2.03 170:23   170.40      .41
    4.500000  235.605300  132.894300   .1308  127.443100     2.22 172:36   172.62      .39
    3.500000  235.736900  132.880000   .1195  127.278800     2.41 175: 1   175.03      .38
    2.500000  235.868400  132.865300   .1109  127.114400     2.76 177:47   177.78      .37
    1.500000  236.000000  132.850000   .0905  126.950000     2.76 180:32   180.54      .35
   91  1      136.20                   
   72.300000   59.900000  138.519200   .1460  136.270000     1.57   0: 0      .00      .02
   71.500000   60.409090  138.462600   .1362  136.044500     2.11   2: 6     2.11      .08
   70.500000   61.045460  138.406400   .1271  135.762700     2.21   4:19     4.32      .18
   69.500000   61.681820  138.357300   .1243  135.480900     1.11   5:25     5.43      .28
   69.000500   61.999680  138.332700   .1259  135.340100      .00   5:25     5.43      .33
   69.000000   62.000000  138.332700   .1259  135.340000      .00   5:25     5.43      .33
   68.999500   62.000280  138.332700   .1259  135.340000     1.10   6:31     6.53      .33
   68.500000   62.272740  138.307100   .1260  135.379000     2.20   8:44     8.73      .34
   67.500000   62.818190  138.253400   .1263  135.456900     2.20  10:55    10.93      .36
   66.500000   63.363650  138.196300   .1265  135.534900     2.18  13: 6    13.11      .38
   65.500000   63.909100  138.134700   .1281  135.612800     2.13  15:14    15.25      .39
   64.500000   64.454560  138.064300   .1326  135.690700     2.00  17:14    17.24      .40
   63.500000   65.000020  137.973200   .1457  135.768700     1.64  18:52    18.88      .38
   62.500000   65.545470  137.813000   .1935  135.846600      .39  19:16    19.27      .29
   62.200000   65.709110  137.733600   .2363  135.870000      .96  20:13    20.22      .23
   61.500000   66.090930  137.545700   .1706  135.551700     1.85  22: 4    22.07      .16
   60.500000   66.636380  137.347800   .1295  135.096900     2.47  24:32    24.55      .13
   59.500000   67.181830  137.211600   .0951  134.642200     3.51  28: 3    28.06      .16
   58.500000   67.727290  137.135500   .0630  134.187400     2.44  30:30    30.50      .24
   58.000500   67.999740  137.115600   .0508  133.960200      .00  30:30    30.50      .31
   58.000000   68.000000  137.115600   .0508  133.960000      .00  30:30    30.51      .31
   57.999500   68.001190  137.115600   .0508  133.960000     2.80  33:18    33.31      .31
   57.500000   69.499690  137.100800   .0483  133.961900     5.98  39:17    39.29      .32
   56.500000   72.499690  137.075200   .0446  133.965800     6.39  45:40    45.67      .37
   55.500000   75.499690  137.053200   .0424  133.969600     6.70  52:22    52.37      .41
   54.500000   78.499690  137.034000   .0405  133.973500     7.08  59:27    59.45      .46
   53.500000   81.499690  137.018600   .0380  133.977300     7.43  66:52    66.88      .51
   52.500000   84.499690  137.006400   .0368  133.981200     7.56  74:26    74.44      .56
   51.500000   87.499690  136.995500   .0367  133.985000     7.51  81:56    81.94      .62
   50.500000   90.499690  136.985600   .0373  133.988800     7.30  89:14    89.24      .68
   49.500000   93.499690  136.976500   .0388  133.992700     6.90  96: 8    96.15      .74
   48.500000   96.499690  136.967400   .0417  133.996500     6.31 102:27   102.46      .79
   47.500000   99.499690  136.957100   .0463  134.000400     5.56 108: 0   108.01      .85
   46.500000  102.499700  136.944300   .0537  134.004200     4.60 112:36   112.61      .90
   45.500000  105.499700  136.923300   .0671  134.008100     1.91 114:31   114.52      .95
   45.000000  106.999700  136.904600   .0785  134.010000     1.75 116:16   116.27      .96
   44.500000  108.499700  136.880400   .0804  133.912200     3.38 119:38   119.65      .96
   43.500000  111.499700  136.830900   .0840  133.716700     3.24 122:53   122.89      .94
   42.500000  114.499700  136.780000   .0876  133.521100     3.10 125:59   125.99      .92
   41.500000  117.499700  136.726900   .0915  133.325500     2.96 128:57   128.95      .90
   40.500000  120.499700  136.669700   .0959  133.130000     2.82 131:46   131.77      .87
   39.500000  123.499700  136.606200   .1013  132.934400     2.64 134:24   134.41      .84
   38.500000  126.499700  136.532100   .1088  132.738900     2.42 136:50   136.83      .80
   37.500000  129.499700  136.439000   .1208  132.543300     1.31 138: 8   138.15      .74
   36.900500  131.298200  136.367600   .1329  132.426100      .00 138: 8   138.15      .69
   36.900000  131.299700  136.367600   .1329  132.426000      .00 138: 8   138.15      .69
   36.899500  131.301200  136.367500   .1329  132.425900      .80 138:56   138.94      .69
   36.500000  132.499700  136.308500   .1457  132.347800      .86 139:48   139.80      .64
   36.000500  133.998200  136.207500   .1771  132.250100      .00 139:48   139.81      .56
   36.000000  134.000000  136.200000   .1772  132.250000      .00 139:48   139.81      .56
   35.999500  134.001000  136.199900   .1772  132.249900      .73 140:32   140.54      .56
   35.500000  134.803300  136.090300   .2018  132.134100     1.30 141:50   141.84      .47
   34.500000  136.409500  135.885300   .2249  131.902200     1.23 143: 4   143.07      .32
   33.500000  138.015700  135.713700   .2261  131.670300     1.24 144:18   144.31      .21
   32.500000  139.621900  135.560000   .2211  131.438500     1.24 145:33   145.56      .11
   31.500000  141.228100  135.412900   .2255  131.206600     1.22 146:46   146.78      .02
   30.500000  142.834400  135.269300   .2304  130.974800     1.17 147:56   147.95     -.06
   29.500000  144.440600  135.127600   .2435  130.742900     1.09 149: 2   149.04     -.15
   28.500000  146.046800  134.980900   .2651  130.511100     1.04 150: 4   150.08     -.24
   27.500000  147.653000  134.829000   .2711  130.279200     1.00 151: 4   151.08     -.33
   26.500000  149.259200  134.670100   .2839  130.047300      .95 152: 1   152.03     -.43
   25.500000  150.865500  134.498700   .2992  129.815500      .74 152:46   152.77     -.55
   24.700000  152.150400  134.356800   .2989  129.630000      .18 152:57   152.96     -.64
   24.500000  152.471700  134.321200   .3019  129.608500      .90 153:51   153.85     -.68
   23.500000  154.077900  134.140700   .3188  129.501000      .85 154:41   154.70     -.86
   22.500000  155.684100  133.955500   .3384  129.393500      .81 155:30   155.51    -1.04
   21.500000  157.290300  133.772900   .3492  129.286000      .78 156:17   156.29    -1.23
   20.500000  158.896500  133.600400   .3623  129.178500      .75 157: 2   157.04    -1.40
   19.500000  160.502800  133.439600   .3774  129.071000      .72 157:45   157.76    -1.56
   18.500000  162.109000  133.291700   .3951  128.963500      .69 158:26   158.44    -1.71
   17.500000  163.715200  133.157600   .4159  128.856000      .52 158:57   158.97    -1.84
   16.700500  164.999400  133.060100   .4357  128.770100      .00 158:57   158.97    -1.94
   16.700000  165.000000  133.060100   .4357  128.770000      .00 158:57   158.97    -1.94
   16.699500  165.000200  133.060000   .4367  128.770000      .13 159: 5   159.10    -1.94
   16.500000  165.013400  133.037600   .4161  128.754300      .73 159:49   159.82    -1.90
   15.500000  165.079100  132.939800   .3494  128.675800      .84 160:39   160.66    -1.68
   14.500000  165.144900  132.860200   .3111  128.597300      .93 161:35   161.59    -1.44
   13.500000  165.210700  132.791900   .2879  128.518900      .99 162:34   162.58    -1.20
   12.500000  165.276500  132.731200   .2742  128.440400     1.03 163:36   163.60     -.94
   11.500000  165.342200  132.675500   .2675  128.361900     1.04 164:38   164.64     -.68
   10.500000  165.408000  132.622700   .2669  128.283400     1.03 165:40   165.67     -.42
    9.500000  165.473800  132.571000   .2730  128.204900      .70 166:22   166.37     -.15
    8.800000  165.519800  132.534600   .2826  128.150000      .31 166:40   166.68      .03
    8.500000  165.539600  132.519900   .2575  128.100700     1.20 167:53   167.88      .02
    7.500000  165.605300  132.480000   .2044  127.936300     1.45 169:20   169.34     -.02
    6.500000  165.671100  132.449600   .1776  127.771900     1.63 170:58   170.97     -.05
    5.500000  165.736900  132.424800   .1628  127.607500     1.75 172:43   172.72     -.08
    4.500000  165.802700  132.404300   .1539  127.443100     1.79 174:30   174.52     -.10
    3.500000  165.868500  132.386400   .1562  127.278800     1.74 176:15   176.25     -.11
    2.500000  165.934200  132.368600   .1637  127.114400     1.81 178: 4   178.07     -.13
    1.500000  166.000000  132.350000   .1424  126.950000     1.81 179:52   179.88     -.15
   91  1      136.0                   
   72.300000   47.000000  138.431400   .1342  136.270000     1.61   0: 0      .00     -.07
   71.500000   47.242420  138.372500   .1424  136.044500     2.03   2: 1     2.03     -.00
   70.500000   47.545450  138.305000   .1310  135.762700     2.19   4:13     4.22      .08
   69.500000   47.848480  138.252200   .1226  135.480900     1.14   5:21     5.36      .18
   69.000500   47.999850  138.228400   .1215  135.340100      .00   5:21     5.36      .23
   69.000000   48.000000  138.228400   .1215  135.340000      .00   5:21     5.36      .23
   68.999500   48.000210  138.228300   .1215  135.340000     1.14   6:30     6.51      .23
   68.500000   48.227260  138.204500   .1211  135.379000     2.30   8:48     8.80      .24
   67.500000   48.681800  138.154900   .1208  135.456900     2.29  11: 5    11.09      .27
   66.500000   49.136340  138.101600   .1216  135.534900     2.26  13:21    13.36      .29
   65.500000   49.590890  138.042400   .1240  135.612800     2.19  15:32    15.55      .30
   64.500000   50.045440  137.972900   .1296  135.690700     2.04  17:35    17.59      .30
   63.500000   50.499980  137.884000   .1427  135.768700     1.65  19:14    19.24      .29
   62.500000   50.954530  137.735400   .1930  135.846600      .38  19:37    19.62      .21
   62.200000   51.090890  137.660800   .2460  135.870000      .89  20:30    20.51      .16
   61.500000   51.409070  137.466200   .1897  135.551700     1.70  22:13    22.22      .08
   60.500000   51.863620  137.242600   .1364  135.096900     2.42  24:38    24.64      .02
   59.500000   52.318160  137.099300   .0928  134.642200     3.49  28: 7    28.13      .04
   58.500000   52.772710  137.021200   .0664  134.187400     2.25  30:22    30.38      .13
   58.000500   52.999760  136.996600   .0571  133.960200      .00  30:22    30.38      .19
   58.000000   53.000000  136.996600   .0571  133.960000      .00  30:22    30.38      .19
   57.999500   53.000930  136.996600   .0571  133.960000     2.51  32:53    32.90      .19
   57.500000   54.158860  136.976900   .0533  133.961900     5.56  38:27    38.45      .20
   56.500000   56.477040  136.945600   .0467  133.965800     6.24  44:41    44.69      .24
   55.500000   58.795220  136.921700   .0423  133.969600     6.78  51:28    51.47      .28
   54.500000   61.113400  136.902000   .0397  133.973500     7.10  58:33    58.56      .33
   53.500000   63.431590  136.884300   .0386  133.977300     7.46  66: 1    66.02      .38
   52.500000   65.749770  136.869600   .0359  133.981200     7.86  73:52    73.88      .43
   51.500000   68.067950  136.858300   .0348  133.985000     7.97  81:51    81.85      .48
   50.500000   70.386130  136.848200   .0349  133.988800     7.84  89:41    89.69      .54
   49.500000   72.704320  136.838700   .0360  133.992700     7.50  97:11    97.18      .60
   48.500000   75.022490  136.829500   .0381  133.996500     6.94 104: 7   104.12      .66
   47.500000   77.340680  136.819700   .0420  134.000400     6.13 110:14   110.24      .71
   46.500000   79.658860  136.807100   .0487  134.004200     5.07 115:18   115.31      .77
   45.500000   81.977040  136.786800   .0609  134.008100     2.10 117:24   117.41      .81
   45.000000   83.136130  136.769000   .0715  134.010000     1.92 119:19   119.33      .83
   44.500000   84.295220  136.746300   .0731  133.912200     3.71 123: 2   123.04      .82
   43.500000   86.613400  136.699800   .0767  133.716700     3.53 126:34   126.57      .81
   42.500000   88.931590  136.650600   .0808  133.521100     3.34 129:54   129.91      .79
   41.500000   91.249770  136.597400   .0857  133.325500     3.13 133: 2   133.03      .77
   40.500000   93.567950  136.538100   .0919  133.130000     2.91 135:56   135.95      .74
   39.500000   95.886130  136.471200   .0988  132.934400     2.68 138:37   138.62      .71
   38.500000   98.204320  136.392600   .1088  132.738900     2.35 140:58   140.97      .66
   37.500000  100.522500  136.289900   .1274  132.543300     1.21 142:11   142.18      .59
   36.900500  101.912200  136.206500   .1479  132.426100      .00 142:11   142.19      .53
   36.900000  101.913400  136.206400   .1479  132.426000      .00 142:11   142.19      .53
   36.899500  101.914600  136.206300   .1480  132.425900      .70 142:53   142.89      .53
   36.500000  102.840700  136.135500   .1679  132.347800      .73 143:36   143.61      .47
   36.000500  103.998600  136.017300   .2145  132.250100      .00 143:36   143.62      .37
   36.000000  104.000000  136.000000   .2146  132.250000      .00 143:36   143.62      .37
   35.999500  104.000800  135.950000   .2146  132.249900      .60 144:13   144.22      .37
   35.500000  104.673700  135.887400   .2464  132.134100     1.13 145:21   145.35      .27
   34.500000  106.020800  135.670100   .2438  131.902200     1.14 146:29   146.49      .11
   33.500000  107.368000  135.484000   .2433  131.670300     1.14 147:37   147.63     -.02
   32.500000  108.715100  135.312500   .2461  131.438500     1.09 148:42   148.72     -.14
   31.500000  110.062300  135.148500   .2641  131.206600     1.03 149:45   149.75     -.24
   30.500000  111.409400  134.985500   .2731  130.974800     1.00 150:45   150.75     -.35
   29.500000  112.756600  134.821900   .2804  130.742900      .97 151:43   151.72     -.45
   28.500000  114.103800  134.651500   .2943  130.511100      .95 152:40   152.67     -.57
   27.500000  115.450900  134.479900   .2890  130.279200      .97 153:38   153.64     -.68
   26.500000  116.798000  134.314700   .2851  130.047300      .98 154:37   154.62     -.79
   25.500000  118.145200  134.154200   .2824  129.815500      .79 155:24   155.41     -.89
   24.700000  119.222900  134.028300   .2818  129.630000      .20 155:36   155.60     -.97
   24.500000  119.492400  133.996900   .2830  129.608500      .96 156:34   156.57    -1.00
   23.500000  120.839500  133.841300   .2941  129.501000      .92 157:29   157.49    -1.16
   22.500000  122.186700  133.686500   .3074  129.393500      .88 158:22   158.37    -1.31
   21.500000  123.533800  133.532300   .3238  129.286000      .83 159:12   159.20    -1.47
   20.500000  124.881000  133.378000   .3443  129.178500      .78 159:59   159.99    -1.62
   19.500000  126.228100  133.226000   .3647  129.071000      .75 160:44   160.74    -1.77
   18.500000  127.575300  133.086800   .3731  128.963500      .73 161:28   161.47    -1.91
   17.500000  128.922400  132.967300   .3833  128.856000      .57 162: 2   162.04    -2.03
   16.700500  129.999500  132.885100   .3936  128.770100      .00 162: 2   162.05    -2.11
   16.700000  130.000000  132.885000   .3936  128.770000      .00 162: 2   162.05    -2.12
   16.699500  130.000200  132.885000   .3941  128.770000      .14 162:11   162.19    -2.11
   16.500000  130.026500  132.866500   .3779  128.754300      .79 162:58   162.98    -2.07
   15.500000  130.158000  132.785100   .3241  128.675800      .90 163:52   163.88    -1.84
   14.500000  130.289600  132.718100   .2937  128.597300      .97 164:51   164.85    -1.59
   13.500000  130.421200  132.660100   .2762  128.518900     1.02 165:52   165.88    -1.33
   12.500000  130.552700  132.607900   .2674  128.440400     1.04 166:55   166.92    -1.06
   11.500000  130.684300  132.559300   .2658  128.361900     1.03 167:57   167.95     -.80
   10.500000  130.815900  132.512400   .2716  128.283400     1.04 168:59   168.99     -.53
    9.500000  130.947400  132.468000   .2636  128.204900      .75 169:44   169.75     -.25
    8.800000  131.039600  132.439300   .2516  128.150000      .33 170: 4   170.08     -.06
    8.500000  131.079000  132.427700   .2525  128.100700     1.26 171:20   171.34     -.07
    7.500000  131.210600  132.395100   .1877  127.936300     1.62 172:57   172.96     -.10
    6.500000  131.342200  132.371800   .1556  127.771900     1.87 174:49   174.83     -.13
    5.500000  131.473700  132.353400   .1408  127.607500     2.05 176:52   176.88     -.15
    4.500000  131.605300  132.338200   .1307  127.443100     2.13 179: 0   179.00     -.16
    3.500000  131.736900  132.325400   .1305  127.278800     2.04 181: 2   181.05     -.17
    2.500000  131.868400  132.312900   .1414  127.114400     2.08 183: 7   183.13     -.19
    1.500000  132.000000  132.300000   .1251  126.950000     2.08 185:12   185.22     -.20
   91  1      135.80                  
   72.300000   36.000000  138.323000   .1208  136.270000     1.82   0: 0      .00     -.18
   71.500000   36.242420  138.277900   .1232  136.044500     2.15   2: 8     2.15     -.10
   70.500000   36.545450  138.215000   .1356  135.762700     2.12   4:15     4.27     -.01
   69.500000   36.848480  138.154100   .1265  135.480900     1.11   5:22     5.38      .08
   69.000500   36.999850  138.128600   .1226  135.340100      .00   5:22     5.38      .13
   69.000000   37.000000  138.128500   .1226  135.340000      .00   5:22     5.38      .13
   68.999500   37.000140  138.128500   .1226  135.340000     1.13   6:30     6.52      .13
   68.500000   37.136370  138.103900   .1222  135.379000     2.28   8:47     8.79      .14
   67.500000   37.409100  138.053800   .1216  135.456900     2.28  11: 4    11.08      .16
   66.500000   37.681820  138.001400   .1218  135.534900     2.26  13:20    13.34      .19
   65.500000   37.954550  137.944700   .1235  135.612800     2.20  15:32    15.55      .20
   64.500000   38.227280  137.879900   .1285  135.690700     2.06  17:36    17.60      .21
   63.500000   38.500010  137.798700   .1415  135.768700     1.60  19:12    19.20      .20
   62.500000   38.772740  137.656900   .2060  135.846600      .31  19:31    19.52      .13
   62.200000   38.854550  137.569800   .3235  135.870000      .71  20:13    20.23      .07
   61.500000   39.045460  137.325300   .2248  135.551700     1.55  21:46    21.78     -.06
   60.500000   39.318190  137.073300   .1336  135.096900     2.53  24:18    24.30     -.15
   59.500000   39.590920  136.943600   .0864  134.642200     3.83  28: 8    28.13     -.11
   58.500000   39.863640  136.879100   .0586  134.187400     2.57  30:42    30.70     -.01
   58.000500   39.999870  136.860500   .0494  133.960200      .00  30:42    30.71      .05
   58.000000   40.000000  136.860400   .0494  133.960000      .00  30:42    30.71      .05
   57.999500   40.000700  136.860400   .0494  133.960000     2.79  33:29    33.50      .05
   57.500000   40.886180  136.844300   .0502  133.961900     5.43  38:55    38.92      .07
   56.500000   42.658900  136.810000   .0522  133.965800     5.65  44:34    44.57      .10
   55.500000   44.431630  136.778900   .0461  133.969600     6.40  50:58    50.97      .14
   54.500000   46.204360  136.755600   .0407  133.973500     7.10  58: 4    58.07      .18
   53.500000   47.977090  136.737300   .0376  133.977300     7.53  65:35    65.60      .23
   52.500000   49.749810  136.721400   .0362  133.981200     7.86  73:27    73.45      .28
   51.500000   51.522540  136.707700   .0345  133.985000     8.18  81:38    81.64      .33
   50.500000   53.295270  136.696700   .0334  133.988800     8.27  89:54    89.90      .39
   49.500000   55.068000  136.686800   .0338  133.992700     7.98  97:53    97.88      .45
   48.500000   56.840720  136.676900   .0358  133.996500     7.45 105:19   105.33      .50
   47.500000   58.613450  136.666500   .0388  134.000400     6.65 111:59   111.99      .56
   46.500000   60.386180  136.654100   .0447  134.004200     5.47 117:27   117.45      .61
   45.500000   62.158910  136.632400   .0569  134.008100     2.23 119:40   119.68      .66
   45.000000   63.045270  136.612100   .0678  134.010000     2.02 121:42   121.70      .67
   44.500000   63.931630  136.586300   .0697  133.912200     3.87 125:34   125.58      .66
   43.500000   65.704360  136.534100   .0737  133.716700     3.65 129:13   129.23      .64
   42.500000   67.477090  136.480400   .0783  133.521100     3.43 132:39   132.66      .62
   41.500000   69.249820  136.423800   .0838  133.325500     3.18 135:50   135.84      .60
   40.500000   71.022540  136.362100   .0908  133.130000     2.91 138:44   138.74      .57
   39.500000   72.795270  136.292000   .1004  132.934400     2.58 141:19   141.33      .53
   38.500000   74.567990  136.207700   .1147  132.738900     2.18 143:30   143.50      .48
   37.500000   76.340720  136.097300   .1407  132.543300     1.07 144:34   144.57      .40
   36.900500   77.403470  136.008800   .1711  132.426100      .00 144:34   144.57      .33
   36.900000   77.404360  136.008700   .1711  132.426000      .00 144:34   144.57      .33
   36.899500   77.405240  136.008600   .1711  132.425900      .58 145: 9   145.16      .33
   36.500000   78.113450  135.932300   .2095  132.347800      .57 145:43   145.72      .27
   36.000500   78.998920  135.812700   .2808  132.250100      .00 145:43   145.72      .15
   36.000000   79.000000  135.800000   .2809  132.250000      .00 145:43   145.72      .15
   35.999500   79.000820  135.705000   .2808  132.249900      .51 146:13   146.23      .15
   35.500000   79.803130  135.665700   .2670  132.134100     1.05 147:16   147.28      .04
   34.500000   81.409350  135.437800   .2614  131.902200     1.04 148:19   148.32     -.13
   33.500000   83.015560  135.238300   .2741  131.670300     1.00 149:18   149.31     -.27
   32.500000   84.621780  135.051700   .2833  131.438500      .97 150:16   150.28     -.40
   31.500000   86.228000  134.869400   .2918  131.206600      .95 151:13   151.23     -.52
   30.500000   87.834220  134.688100   .2953  130.974800      .95 152:10   152.18     -.65
   29.500000   89.440440  134.513400   .2873  130.742900      .98 153: 9   153.16     -.76
   28.500000   91.046650  134.348300   .2815  130.511100      .99 154: 9   154.15     -.87
   27.500000   92.652870  134.190200   .2772  130.279200     1.01 155: 9   155.16     -.97
   26.500000   94.259090  134.037400   .2742  130.047300     1.02 156:10   156.18    -1.07
   25.500000   95.865310  133.888500   .2722  129.815500      .82 156:59   156.99    -1.16
   24.700000   97.150280  133.771400   .2720  129.630000      .20 157:11   157.20    -1.23
   24.500000   97.471530  133.742300   .2728  129.608500     1.00 158:11   158.20    -1.26
   23.500000   99.077740  133.599100   .2811  129.501000      .97 159:10   159.17    -1.40
   22.500000  100.684000  133.459500   .2911  129.393500      .93 160: 6   160.11    -1.54
   21.500000  102.290200  133.323100   .3034  129.286000      .89 160:59   161.00    -1.68
   20.500000  103.896400  133.189700   .3189  129.178500      .84 161:50   161.84    -1.81
   19.500000  105.502600  133.058800   .3389  129.071000      .79 162:37   162.63    -1.94
   18.500000  107.108800  132.929700   .3656  128.963500      .75 163:22   163.38    -2.07
   17.500000  108.715000  132.812100   .3754  128.856000      .59 163:58   163.97    -2.19
   16.700500  109.999200  132.732600   .3819  128.770100      .00 163:58   163.97    -2.27
   16.700000  110.000000  132.732600   .3819  128.770000      .00 163:58   163.97    -2.27
   16.699500  110.000300  132.732500   .3822  128.770000      .15 164: 6   164.12    -2.27
   16.500000  110.026500  132.714800   .3701  128.754300      .79 164:54   164.91    -2.22
   15.500000  110.158100  132.634900   .3312  128.675800      .86 165:46   165.77    -1.99
   14.500000  110.289600  132.565900   .3150  128.597300      .88 166:38   166.65    -1.74
   13.500000  110.421200  132.502300   .3150  128.518900      .91 167:33   167.56    -1.49
   12.500000  110.552800  132.444600   .2939  128.440400      .98 168:32   168.54    -1.23
   11.500000  110.684300  132.394600   .2749  128.361900     1.04 169:34   169.58     -.96
   10.500000  110.815900  132.350800   .2585  128.283400     1.11 170:41   170.69     -.69
    9.500000  110.947500  132.312000   .2440  128.204900      .82 171:30   171.50     -.41
    8.800000  111.039600  132.287400   .2321  128.150000      .36 171:51   171.86     -.21
    8.500000  111.079000  132.277400   .2325  128.100700     1.23 173: 5   173.09     -.22
    7.500000  111.210600  132.245800   .2208  127.936300     1.44 174:31   174.52     -.25
    6.500000  111.342200  132.220400   .1658  127.771900     1.81 176:19   176.33     -.28
    5.500000  111.473700  132.202000   .1418  127.607500     2.03 178:21   178.36     -.30
    4.500000  111.605300  132.186900   .1321  127.443100     2.15 180:30   180.50     -.31
    3.500000  111.736900  132.174000   .1269  127.278800     2.13 182:38   182.63     -.33
    2.500000  111.868400  132.162400   .1338  127.114400     1.93 184:33   184.56     -.34
    1.500000  112.000000  132.150000   .1544  126.950000     1.93 186:29   186.49     -.35
   91  6      135.60
   72.300000   29.000000  138.235200   .1133  136.270000     1.98   0: 0      .00     -.26
   71.500000   29.242420  138.197500   .1116  136.044500     2.41   2:24     2.41     -.18
   70.500000   29.545460  138.148300   .1186  135.762700     2.23   4:38     4.65     -.08
   69.500000   29.848490  138.092600   .1302  135.480900     1.09   5:44     5.74      .02
   69.000500   29.999850  138.065100   .1237  135.340100      .00   5:44     5.74      .07
   69.000000   30.000000  138.065000   .1237  135.340000      .00   5:44     5.74      .07
   68.999500   30.000110  138.065000   .1237  135.340000     1.12   6:51     6.86      .07
   68.500000   30.090930  138.039600   .1234  135.379000     2.26   9: 7     9.12      .08
   67.500000   30.272740  137.988600   .1229  135.456900     2.26  11:22    11.38      .10
   66.500000   30.454560  137.936700   .1227  135.534900     2.25  13:38    13.64      .12
   65.500000   30.636380  137.881800   .1238  135.612800     2.21  15:50    15.84      .14
   64.500000   30.818200  137.820800   .1279  135.690700     2.08  17:55    17.92      .15
   63.500000   31.000020  137.746700   .1395  135.768700     1.65  19:34    19.57      .15
   62.500000   31.181830  137.625100   .1980  135.846600      .22  19:47    19.79      .10
   62.200000   31.236380  137.503300   .5545  135.870000      .50  20:17    20.29      .00
   61.500000   31.363650  137.199300   .2260  135.551700     1.54  21:49    21.82     -.19
   60.500000   31.545470  136.952100   .1354  135.096900     2.53  24:21    24.36     -.27
   59.500000   31.727290  136.826000   .0838  134.642200     4.03  28:23    28.39     -.23
   58.500000   31.909110  136.768200   .0540  134.187400     2.81  31:12    31.20     -.12
   58.000500   31.999930  136.752700   .0446  133.960200      .00  31:12    31.21     -.06
   58.000000   32.000000  136.752700   .0446  133.960000      .00  31:12    31.21     -.06
   57.999500   32.000570  136.752600   .0446  133.960000     3.09  34:18    34.30     -.06
   57.500000   32.727120  136.739700   .0451  133.961900     6.07  40:22    40.38     -.04
   56.500000   34.181660  136.712400   .0464  133.965800     5.88  46:15    46.25      .00
   55.500000   35.636200  136.683200   .0481  133.969600     6.10  52:21    52.35      .04
   54.500000   37.090750  136.656400   .0430  133.973500     6.88  59:13    59.23      .08
   53.500000   38.545300  136.636100   .0378  133.977300     7.63  66:51    66.86      .13
   52.500000   39.999840  136.620300   .0350  133.981200     8.05  74:54    74.91      .18
   51.500000   41.454390  136.606300   .0340  133.985000     8.34  83:15    83.25      .23
   50.500000   42.908930  136.594200   .0326  133.988800     8.59  91:50    91.84      .29
   49.500000   44.363480  136.584100   .0321  133.992700     8.47 100:18   100.31      .34
   48.500000   45.818020  136.574600   .0335  133.996500     7.93 108:14   108.23      .40
   47.500000   47.272570  136.564100   .0366  134.000400     7.08 115:18   115.31      .46
   46.500000   48.727110  136.551600   .0419  134.004200     5.84 121: 9   121.15      .51
   45.500000   50.181660  136.531200   .0532  134.008100     2.36 123:31   123.52      .56
   45.000000   50.908930  136.511300   .0643  134.010000     2.13 125:38   125.64      .57
   44.500000   51.636200  136.484800   .0663  133.912200     4.05 129:41   129.69      .56
   43.500000   53.090750  136.429600   .0710  133.716700     3.75 133:26   133.44      .54
   42.500000   54.545300  136.370600   .0770  133.521100     3.45 136:53   136.89      .51
   41.500000   55.999840  136.307200   .0840  133.325500     3.13 140: 1   140.03      .48
   40.500000   57.454380  136.238100   .0933  133.130000     2.78 142:48   142.81      .44
   39.500000   58.908930  136.158800   .1067  132.934400     2.35 145: 9   145.15      .40
   38.500000   60.363480  136.060600   .1301  132.738900     1.87 147: 1   147.02      .33
   37.500000   61.818020  135.929200   .1672  132.543300      .90 147:55   147.92      .23
   36.900500   62.690020  135.825300   .2021  132.426100      .00 147:55   147.92      .15
   36.900000   62.690750  135.825200   .2022  132.426000      .00 147:55   147.92      .15
   36.899500   62.691480  135.825100   .2022  132.425900      .51 148:25   148.43      .15
   36.500000   63.272570  135.738400   .2359  132.347800      .52 148:56   148.95      .07
   36.000500   63.999110  135.653400   .3019  132.250100      .00 148:56   148.95     -.06
   36.000000   64.000000  135.600000   .3020  132.250000      .00 148:56   148.95     -.06
   35.999500   64.000340  135.573000   .3020  132.249900      .46 149:24   149.41     -.06
   35.500000   64.207380  135.437400   .2976  132.134100      .90 150:18   150.31     -.18
   34.500000   64.621890  135.166100   .3171  131.902200      .85 151:10   151.17     -.40
   33.500000   65.036400  134.915300   .3330  131.670300      .85 152: 1   152.02     -.59
   32.500000   65.450900  134.682200   .3191  131.438500      .89 152:54   152.91     -.77
   31.500000   65.865410  134.473100   .3053  131.206600      .92 153:50   153.83     -.92
   30.500000   66.279920  134.281900   .2959  130.974800      .95 154:46   154.78    -1.05
   29.500000   66.694430  134.102800   .2895  130.742900      .97 155:44   155.75    -1.17
   28.500000   67.108940  133.932200   .2852  130.511100      .98 156:43   156.73    -1.29
   27.500000   67.523450  133.767600   .2826  130.279200      .99 157:42   157.71    -1.39
   26.500000   67.937950  133.606900   .2814  130.047300      .99 158:41   158.70    -1.50
   25.500000   68.352460  133.448200   .2819  129.815500      .79 159:29   159.49    -1.60
   24.700000   68.684070  133.321600   .2835  129.630000      .20 159:40   159.68    -1.68
   24.500000   68.766970  133.290100   .2841  129.608500      .97 160:39   160.65    -1.71
   23.500000   69.181470  133.138900   .2868  129.501000      .97 161:37   161.62    -1.86
   22.500000   69.595990  132.999000   .2885  129.393500      .96 162:34   162.58    -2.00
   21.500000   70.010490  132.871200   .2901  129.286000      .95 163:32   163.53    -2.13
   20.500000   70.425000  132.755600   .2924  129.178500      .94 164:28   164.48    -2.24
   19.500000   70.839510  132.651600   .2968  129.071000      .92 165:24   165.40    -2.35
   18.500000   71.254010  132.558100   .3050  128.963500      .89 166:17   166.29    -2.44
   17.500000   71.668530  132.473800   .3195  128.856000      .68 166:57   166.97    -2.53
   16.700500   71.999920  132.412000   .3382  128.770100      .00 166:57   166.97    -2.59
   16.700000   72.000000  132.411900   .3382  128.770000      .00 166:57   166.97    -2.59
   16.699500   72.000100  132.411900   .3380  128.770000      .17 167: 7   167.13    -2.59
   16.500000   72.026350  132.397600   .3297  128.754300      .89 168: 1   168.02    -2.54
   15.500000   72.157930  132.335500   .2934  128.675800     1.00 169: 1   169.02    -2.28
   14.500000   72.289510  132.286200   .2648  128.597300     1.10 170: 6   170.12    -2.02
   13.500000   72.421080  132.245900   .2415  128.518900     1.20 171:18   171.31    -1.74
   12.500000   72.552660  132.212400   .2220  128.440400     1.30 172:36   172.61    -1.46
   11.500000   72.684230  132.184000   .2055  128.361900     1.40 174: 0   174.01    -1.17
   10.500000   72.815810  132.159600   .1912  128.283400     1.50 175:30   175.52     -.88
    9.500000   72.947390  132.138500   .1787  128.204900     1.12 176:38   176.64     -.58
    8.800000   73.039490  132.125300   .1684  128.150000      .50 177: 7   177.13     -.37
    8.500000   73.078960  132.120100   .1682  128.100700     1.69 178:49   178.82     -.38
    7.500000   73.210540  132.103500   .1615  127.936300     1.84 180:39   180.66     -.40
    6.500000   73.342120  132.089100   .1406  127.771900     2.21 182:52   182.87     -.41
    5.500000   73.473690  132.078000   .1105  127.607500     2.66 185:31   185.53     -.42
    4.500000   73.605270  132.069600   .0985  127.443100     2.89 188:24   188.41     -.43
    3.500000   73.736850  132.062600   .0939  127.278800     2.92 191:20   191.34     -.44
    2.500000   73.868420  132.056400   .0962  127.114400     2.69 194: 1   194.02     -.44
    1.500000   74.000000  132.050000   .1105  126.950000     2.69 196:42   196.71     -.45
   91  6      135.50               
   72.300000   25.000000  138.181500   .1087  136.270000     2.09   0: 0      .00     -.32
   71.500000   25.242420  138.148100   .1041  136.044500     2.62   2:37     2.62     -.23
   70.500000   25.545460  138.106700   .1080  135.762700     2.39   5: 0     5.01     -.12
   69.500000   25.848490  138.057800   .1241  135.480900     1.12   6: 8     6.14     -.02
   69.000500   25.999850  138.031300   .1232  135.340100      .00   6: 8     6.14      .03
   69.000000   26.000000  138.031200   .1233  135.340000      .00   6: 8     6.14      .03
   68.999500   26.000140  138.031200   .1232  135.340000     1.13   7:15     7.26      .03
   68.500000   26.136370  138.005600   .1233  135.379000     2.25   9:31     9.52      .04
   67.500000   26.409090  137.954800   .1231  135.456900     2.26  11:46    11.78      .07
   66.500000   26.681820  137.903500   .1230  135.534900     2.25  14: 1    14.02      .09
   65.500000   26.954550  137.850100   .1240  135.612800     2.21  16:13    16.23      .11
   64.500000   27.227280  137.791300   .1279  135.690700     2.08  18:18    18.31      .12
   63.500000   27.500000  137.720600   .1394  135.768700     1.36  19:40    19.67      .13
   62.500000   27.772730  137.569000   .2683  135.846600      .20  19:52    19.87      .05
   62.200000   27.854550  137.441800   .5659  135.870000      .49  20:21    20.36     -.06
   61.500000   28.045460  137.142700   .2277  135.551700     1.51  21:52    21.87     -.24
   60.500000   28.318180  136.893700   .1394  135.096900     2.48  24:20    24.35     -.33
   59.500000   28.590910  136.763800   .0850  134.642200     4.01  28:21    28.36     -.29
   58.500000   28.863640  136.705800   .0534  134.187400     2.86  31:13    31.22     -.19
   58.000500   28.999870  136.690800   .0436  133.960200      .00  31:13    31.23     -.12
   58.000000   29.000000  136.690800   .0436  133.960000      .00  31:13    31.23     -.12
   57.999500   29.000490  136.690800   .0436  133.960000     3.17  34:24    34.40     -.12
   57.500000   29.613520  136.678500   .0439  133.961900     6.26  40:39    40.67     -.10
   56.500000   30.840790  136.653000   .0448  133.965800     6.12  46:47    46.78     -.06
   55.500000   32.068060  136.626000   .0460  133.969600     5.94  52:43    52.72     -.02
   54.500000   33.295330  136.597200   .0476  133.973500     6.33  59: 3    59.05      .02
   53.500000   34.522610  136.572200   .0401  133.977300     7.30  66:21    66.35      .06
   52.500000   35.749880  136.554400   .0360  133.981200     7.93  74:16    74.28      .11
   51.500000   36.977150  136.539800   .0341  133.985000     8.17  82:26    82.45      .16
   50.500000   38.204430  136.526400   .0339  133.988800     8.37  90:49    90.82      .22
   49.500000   39.431700  136.514600   .0325  133.992700     8.46  99:16    99.27      .27
   48.500000   40.658970  136.504500   .0332  133.996500     7.99 107:15   107.27      .33
   47.500000   41.886250  136.493500   .0363  134.000400     7.12 114:23   114.39      .39
   46.500000   43.113520  136.480000   .0417  134.004200     5.87 120:15   120.26      .44
   45.500000   44.340790  136.458300   .0530  134.008100     2.36 122:37   122.62      .48
   45.000000   44.954430  136.437200   .0645  134.010000     2.12 124:44   124.74      .50
   44.500000   45.568060  136.409200   .0665  133.912200     4.04 128:46   128.78      .49
   43.500000   46.795330  136.351600   .0711  133.716700     3.75 132:31   132.53      .46
   42.500000   48.022610  136.290600   .0770  133.521100     3.44 135:57   135.96      .43
   41.500000   49.249880  136.224800   .0847  133.325500     3.09 139: 3   139.05      .40
   40.500000   50.477150  136.151500   .0952  133.130000     2.71 141:45   141.76      .36
   39.500000   51.704430  136.066800   .1101  132.934400     2.29 144: 2   144.05      .30
   38.500000   52.931700  135.963900   .1327  132.738900     1.83 145:52   145.88      .23
   37.500000   54.158970  135.828500   .1707  132.543300      .88 146:45   146.76      .13
   36.900500   54.894720  135.720700   .2084  132.426100      .00 146:45   146.76      .04
   36.900000   54.895340  135.720600   .2085  132.426000      .00 146:45   146.76      .04
   36.899500   54.895950  135.720500   .2085  132.425900      .49 147:14   147.25      .04
   36.500000   55.386250  135.628900   .2463  132.347800      .50 147:44   147.75     -.04
   36.000500   55.999270  135.550000   .3077  132.250100      .00 147:44   147.75     -.17
   36.000000   56.000000  135.500000   .3078  132.250000      .00 147:44   147.75     -.17
   35.999500   56.000410  135.479800   .3077  132.249900      .45 148:11   148.19     -.17
   35.500000   56.344630  135.321500   .3142  132.134100      .86 149: 3   149.06     -.30
   34.500000   57.033740  135.041200   .3290  131.902200      .85 149:54   149.90     -.52
   33.500000   57.722870  134.790700   .3283  131.670300      .87 150:46   150.77     -.72
   32.500000   58.411990  134.566700   .3097  131.438500      .91 151:41   151.69     -.88
   31.500000   59.101100  134.367200   .2978  131.206600      .94 152:37   152.63    -1.02
   30.500000   59.790230  134.183200   .2901  130.974800      .97 153:35   153.60    -1.15
   29.500000   60.479340  134.009300   .2853  130.742900      .98 154:34   154.58    -1.27
   28.500000   61.168460  133.841800   .2830  130.511100      .98 155:33   155.56    -1.38
   27.500000   61.857580  133.677900   .2828  130.279200      .98 156:32   156.54    -1.48
   26.500000   62.546700  133.514600   .2850  130.047300      .97 157:30   157.50    -1.59
   25.500000   63.235820  133.348700   .2905  129.815500      .75 158:15   158.26    -1.70
   24.700000   63.787120  133.211200   .2983  129.630000      .19 158:26   158.44    -1.79
   24.500000   63.924940  133.176200   .3002  129.608500      .91 159:21   159.35    -1.82
   23.500000   64.614060  133.003900   .3097  129.501000      .88 160:14   160.24    -2.00
   22.500000   65.303180  132.837300   .3193  129.393500      .86 161: 5   161.09    -2.16
   21.500000   65.992300  132.677500   .3295  129.286000      .83 161:55   161.92    -2.32
   20.500000   66.681420  132.525600   .3405  129.178500      .80 162:43   162.72    -2.47
   19.500000   67.370540  132.382400   .3533  129.071000      .77 163:29   163.49    -2.62
   18.500000   68.059650  132.248200   .3696  128.963500      .73 164:13   164.22    -2.75
   17.500000   68.748780  132.123000   .3921  128.856000      .55 164:46   164.77    -2.88
   16.700500   69.299730  132.028900   .4175  128.770100      .00 164:46   164.77    -2.97
   16.700000   69.300000  132.028900   .4175  128.770000      .00 164:46   164.77    -2.97
   16.699500   69.300110  132.028800   .4185  128.770000      .13 164:54   164.90    -2.97
   16.500000   69.309300  132.006600   .4107  128.754300      .70 165:36   165.60    -2.93
   15.500000   69.355350  131.905300   .3821  128.675800      .75 166:21   166.35    -2.71
   14.500000   69.401390  131.817100   .3606  128.597300      .79 167: 8   167.14    -2.49
   13.500000   69.447430  131.738000   .3436  128.518900      .82 167:57   167.97    -2.25
   12.500000   69.493480  131.665800   .3301  128.440400      .86 168:49   168.82    -2.01
   11.500000   69.539530  131.598900   .3190  128.361900      .88 169:42   169.70    -1.76
   10.500000   69.585580  131.536100   .3099  128.283400      .91 170:36   170.61    -1.50
    9.500000   69.631620  131.476500   .3023  128.204900      .65 171:15   171.26    -1.25
    8.800000   69.663860  131.436400   .2977  128.150000      .28 171:32   171.54    -1.06
    8.500000   69.677670  131.420100   .2884  128.100700     1.01 172:33   172.55    -1.08
    7.500000   69.723720  131.372200   .2629  127.936300     1.09 173:38   173.65    -1.13
    6.500000   69.769770  131.332400   .2446  127.771900     1.16 174:48   174.81    -1.17
    5.500000   69.815810  131.297800   .2323  127.607500     1.21 176: 1   176.03    -1.20
    4.500000   69.861860  131.266400   .2252  127.443100     1.24 177:15   177.27    -1.23
    3.500000   69.907910  131.236600   .2231  127.278800     1.24 178:30   178.50    -1.26
    2.500000   69.953960  131.207200   .2254  127.114400     1.28 179:46   179.78    -1.29
    1.500000   70.000000  131.180000   .2099  126.950000     1.28 181: 3   181.06    -1.32
